Monochromator Step - Photons	Photons (cps) - Photons	Monochromator Step - Plot 1	Photons (cps) - Plot 1
4200	650	4200	650
4201	540	4201	540
4202	620	4202	620
4203	640	4203	640
4204	640	4204	640
4205	650	4205	650
4206	890	4206	890
4207	700	4207	700
4208	640	4208	640
4209	640	4209	640
4210	890	4210	890
4211	630	4211	630
4212	770	4212	770
4213	7780	4213	7780
4214	580	4214	580
4215	830	4215	830
4216	690	4216	690
4217	740	4217	740
4218	1880	4218	1880
4219	730	4219	730
4220	790	4220	790
4221	690	4221	690
4222	660	4222	660
4223	930	4223	930
4224	2050	4224	2050
4225	790	4225	790
4226	1140	4226	1140
4227	4510	4227	4510
4228	910	4228	910
4229	750	4229	750
4230	870	4230	870
4231	960	4231	960
4232	970	4232	970
4233	1260	4233	1260
4234	1290	4234	1290
4235	2330	4235	2330
4236	5520	4236	5520
4238	14170	4238	14170
4239	2480	4239	2480
4240	1890	4240	1890
4241	1810	4241	1810
4242	1290	4242	1290
4243	1690	4243	1690
4244	940	4244	940
4245	1080	4245	1080
4246	1170	4246	1170
4247	900	4247	900
4248	950	4248	950
4249	1010	4249	1010
4250	1050	4250	1050
4251	780	4251	780
4252	890	4252	890
4253	840	4253	840
4254	650	4254	650
4255	730	4255	730
4256	690	4256	690
4257	730	4257	730
4258	640	4258	640
4259	700	4259	700
4260	890	4260	890
4261	790	4261	790
4262	610	4262	610
4263	680	4263	680
4264	690	4264	690
4265	720	4265	720
4266	740	4266	740
4267	630	4267	630
4268	640	4268	640
4269	680	4269	680
4270	840	4270	840
4271	730	4271	730
4272	670	4272	670
4273	780	4273	780
4274	640	4274	640
4275	670	4275	670
4276	580	4276	580
4277	550	4277	550
4278	610	4278	610
4279	580	4279	580
4280	930	4280	930
4281	660	4281	660
4282	630	4282	630
4283	550	4283	550
4284	660	4284	660
4285	740	4285	740
4286	770	4286	770
4287	570	4287	570
4288	580	4288	580
4289	620	4289	620
4290	680	4290	680
4291	570	4291	570
4292	700	4292	700
4293	730	4293	730
4294	650	4294	650
4295	870	4295	870
4296	520	4296	520
4297	560	4297	560
4298	570	4298	570
4299	550	4299	550
4300	700	4300	700
4301	640	4301	640
4302	780	4302	780
4303	830	4303	830
4304	600	4304	600
4305	530	4305	530
4306	630	4306	630
4307	510	4307	510
4308	690	4308	690
4309	650	4309	650
4310	600	4310	600
4311	610	4311	610
4312	650	4312	650
4313	530	4313	530
4314	600	4314	600
4315	600	4315	600
4316	670	4316	670
4317	510	4317	510
4318	650	4318	650
4319	850	4319	850
4320	700	4320	700
4321	810	4321	810
4322	710	4322	710
4323	600	4323	600
4324	550	4324	550
4325	790	4325	790
4326	740	4326	740
4327	610	4327	610
4328	490	4328	490
4329	740	4329	740
4330	460	4330	460
4331	740	4331	740
4332	610	4332	610
4333	600	4333	600
4334	750	4334	750
4335	700	4335	700
4336	550	4336	550
4337	680	4337	680
4338	710	4338	710
4339	520	4339	520
4340	610	4340	610
4341	610	4341	610
4342	620	4342	620
4343	660	4343	660
4344	620	4344	620
4345	710	4345	710
4346	460	4346	460
4347	650	4347	650
4348	600	4348	600
4349	670	4349	670
4350	510	4350	510
4351	740	4351	740
4352	690	4352	690
4353	720	4353	720
4354	540	4354	540
4355	550	4355	550
4356	760	4356	760
4357	760	4357	760
4358	500	4358	500
4359	520	4359	520
4360	620	4360	620
4361	520	4361	520
4362	430	4362	430
4363	860	4363	860
4364	500	4364	500
4365	600	4365	600
4366	570	4366	570
4367	570	4367	570
4368	620	4368	620
4369	590	4369	590
4370	690	4370	690
4371	700	4371	700
4372	700	4372	700
4373	630	4373	630
4374	640	4374	640
4375	670	4375	670
4376	450	4376	450
4377	590	4377	590
4378	730	4378	730
4379	790	4379	790
4380	590	4380	590
4381	680	4381	680
4382	510	4382	510
4383	640	4383	640
4384	520	4384	520
4385	560	4385	560
4386	570	4386	570
4387	640	4387	640
4388	620	4388	620
4389	2150	4389	2150
4390	630	4390	630
4391	640	4391	640
4392	570	4392	570
4393	710	4393	710
4394	650	4394	650
4395	600	4395	600
4396	730	4396	730
4397	630	4397	630
4398	480	4398	480
4399	620	4399	620
4400	610	4400	610
4401	2220	4401	2220
4402	580	4402	580
4403	640	4403	640
4404	700	4404	700
4405	780	4405	780
4406	740	4406	740
4407	680	4407	680
4408	650	4408	650
4409	740	4409	740
4410	520	4410	520
4411	660	4411	660
4412	760	4412	760
4413	720	4413	720
4414	600	4414	600
4415	500	4415	500
4416	550	4416	550
4417	770	4417	770
4418	520	4418	520
4419	570	4419	570
4420	690	4420	690
4421	480	4421	480
4422	700	4422	700
4423	670	4423	670
4424	500	4424	500
4425	640	4425	640
4426	660	4426	660
4427	770	4427	770
4428	320	4428	320
4429	630	4429	630
4430	670	4430	670
4431	600	4431	600
4432	660	4432	660
4433	630	4433	630
4434	590	4434	590
4435	530	4435	530
4436	520	4436	520
4437	550	4437	550
4438	670	4438	670
4439	780	4439	780
4440	600	4440	600
4441	450	4441	450
4442	600	4442	600
4443	640	4443	640
4444	600	4444	600
4445	420	4445	420
4446	650	4446	650
4447	520	4447	520
4448	650	4448	650
4449	590	4449	590
4450	620	4450	620
4451	550	4451	550
4452	670	4452	670
4453	480	4453	480
4454	610	4454	610
4455	590	4455	590
4456	590	4456	590
4457	710	4457	710
4458	650	4458	650
4459	880	4459	880
4460	480	4460	480
4461	460	4461	460
4462	520	4462	520
4463	640	4463	640
4464	460	4464	460
4465	570	4465	570
4466	510	4466	510
4467	620	4467	620
4468	520	4468	520
4469	680	4469	680
4470	470	4470	470
4471	570	4471	570
4472	570	4472	570
4473	640	4473	640
4474	550	4474	550
4475	520	4475	520
4476	650	4476	650
4477	410	4477	410
4478	760	4478	760
4479	580	4479	580
4480	560	4480	560
4481	600	4481	600
4482	670	4482	670
4483	480	4483	480
4484	590	4484	590
4485	600	4485	600
4486	710	4486	710
4487	680	4487	680
4488	480	4488	480
4489	550	4489	550
4490	600	4490	600
4491	550	4491	550
4492	600	4492	600
4493	610	4493	610
4494	680	4494	680
4495	710	4495	710
4496	710	4496	710
4497	540	4497	540
4498	470	4498	470
4499	560	4499	560
4500	530	4500	530
4501	650	4501	650
4502	760	4502	760
4503	510	4503	510
4504	630	4504	630
4505	490	4505	490
4506	710	4506	710
4507	470	4507	470
4508	520	4508	520
4509	450	4509	450
4510	710	4510	710
4511	850	4511	850
4512	540	4512	540
4513	750	4513	750
4514	530	4514	530
4515	610	4515	610
4516	350	4516	350
4517	690	4517	690
4518	560	4518	560
4519	900	4519	900
4520	670	4520	670
4521	570	4521	570
4522	560	4522	560
4523	700	4523	700
4524	710	4524	710
4525	590	4525	590
4526	500	4526	500
4527	640	4527	640
4528	660	4528	660
4529	670	4529	670
4530	740	4530	740
4531	640	4531	640
4532	470	4532	470
4533	750	4533	750
4534	520	4534	520
4535	790	4535	790
4536	560	4536	560
4537	700	4537	700
4538	630	4538	630
4539	770	4539	770
4540	680	4540	680
4541	460	4541	460
4542	630	4542	630
4543	560	4543	560
4544	470	4544	470
4545	630	4545	630
4546	550	4546	550
4547	630	4547	630
4548	530	4548	530
4549	770	4549	770
4550	490	4550	490
4551	700	4551	700
4552	730	4552	730
4553	590	4553	590
4554	620	4554	620
4555	650	4555	650
4556	570	4556	570
4557	640	4557	640
4558	490	4558	490
4559	640	4559	640
4560	570	4560	570
4561	670	4561	670
4562	620	4562	620
4563	450	4563	450
4564	770	4564	770
4565	610	4565	610
4566	480	4566	480
4567	550	4567	550
4568	590	4568	590
4569	590	4569	590
4570	550	4570	550
4571	510	4571	510
4572	550	4572	550
4573	470	4573	470
4574	680	4574	680
4575	630	4575	630
4576	680	4576	680
4577	580	4577	580
4578	590	4578	590
4579	560	4579	560
4580	2620	4580	2620
4581	590	4581	590
4582	610	4582	610
4583	530	4583	530
4584	510	4584	510
4585	570	4585	570
4586	520	4586	520
4587	570	4587	570
4588	520	4588	520
4589	520	4589	520
4590	630	4590	630
4591	650	4591	650
4592	520	4592	520
4593	640	4593	640
4594	590	4594	590
4595	540	4595	540
4596	460	4596	460
4597	580	4597	580
4598	430	4598	430
4599	470	4599	470
4600	560	4600	560
4601	710	4601	710
4602	600	4602	600
4603	530	4603	530
4604	500	4604	500
4605	450	4605	450
4606	500	4606	500
4607	560	4607	560
4608	680	4608	680
4609	470	4609	470
4610	560	4610	560
4611	460	4611	460
4612	600	4612	600
4613	630	4613	630
4614	490	4614	490
4615	570	4615	570
4616	710	4616	710
4617	510	4617	510
4618	590	4618	590
4619	710	4619	710
4620	730	4620	730
4621	590	4621	590
4622	570	4622	570
4623	580	4623	580
4624	690	4624	690
4625	500	4625	500
4626	710	4626	710
4627	680	4627	680
4628	680	4628	680
4629	660	4629	660
4630	620	4630	620
4631	670	4631	670
4632	730	4632	730
4633	670	4633	670
4634	690	4634	690
4635	440	4635	440
4636	550	4636	550
4637	530	4637	530
4638	630	4638	630
4639	700	4639	700
4640	620	4640	620
4641	640	4641	640
4642	440	4642	440
4643	580	4643	580
4644	640	4644	640
4645	650	4645	650
4646	680	4646	680
4647	610	4647	610
4648	680	4648	680
4649	700	4649	700
4650	640	4650	640
4651	500	4651	500
4652	810	4652	810
4653	500	4653	500
4654	560	4654	560
4655	530	4655	530
4656	620	4656	620
4657	530	4657	530
4658	630	4658	630
4659	520	4659	520
4660	660	4660	660
4661	590	4661	590
4662	510	4662	510
4663	590	4663	590
4664	580	4664	580
4665	620	4665	620
4666	590	4666	590
4667	650	4667	650
4668	680	4668	680
4669	510	4669	510
4670	490	4670	490
4671	440	4671	440
4672	480	4672	480
4673	580	4673	580
4674	710	4674	710
4675	600	4675	600
4676	640	4676	640
4677	760	4677	760
4678	560	4678	560
4679	680	4679	680
4680	690	4680	690
4681	570	4681	570
4682	510	4682	510
4683	620	4683	620
4684	640	4684	640
4685	700	4685	700
4686	450	4686	450
4687	490	4687	490
4688	510	4688	510
4689	590	4689	590
4690	630	4690	630
4691	630	4691	630
4692	650	4692	650
4693	570	4693	570
4694	530	4694	530
4695	550	4695	550
4696	560	4696	560
4697	740	4697	740
4698	530	4698	530
4699	640	4699	640
4700	550	4700	550
4701	560	4701	560
4702	480	4702	480
4703	620	4703	620
4704	640	4704	640
4705	490	4705	490
4706	660	4706	660
4707	530	4707	530
4708	600	4708	600
4709	700	4709	700
4710	600	4710	600
4711	500	4711	500
4712	480	4712	480
4713	690	4713	690
4714	580	4714	580
4715	600	4715	600
4716	530	4716	530
4717	490	4717	490
4718	730	4718	730
4719	530	4719	530
4720	590	4720	590
4721	550	4721	550
4722	510	4722	510
4723	570	4723	570
4724	630	4724	630
4725	650	4725	650
4726	680	4726	680
4727	600	4727	600
4728	640	4728	640
4729	580	4729	580
4730	630	4730	630
4731	650	4731	650
4732	560	4732	560
4733	660	4733	660
4734	710	4734	710
4735	630	4735	630
4736	560	4736	560
4737	540	4737	540
4738	730	4738	730
4739	1310	4739	1310
4740	530	4740	530
4741	610	4741	610
4742	470	4742	470
4743	670	4743	670
4744	460	4744	460
4745	570	4745	570
4746	600	4746	600
4747	580	4747	580
4748	620	4748	620
4749	530	4749	530
4750	510	4750	510
4751	600	4751	600
4752	520	4752	520
4753	550	4753	550
4754	650	4754	650
4755	730	4755	730
4756	610	4756	610
4757	660	4757	660
4758	510	4758	510
4759	620	4759	620
4760	590	4760	590
4761	610	4761	610
4762	750	4762	750
4763	570	4763	570
4764	630	4764	630
4765	860	4765	860
4766	560	4766	560
4767	480	4767	480
4768	720	4768	720
4769	600	4769	600
4770	740	4770	740
4771	640	4771	640
4772	610	4772	610
4773	520	4773	520
4774	470	4774	470
4775	710	4775	710
4776	600	4776	600
4777	570	4777	570
4778	620	4778	620
4779	510	4779	510
4780	520	4780	520
4781	580	4781	580
4782	670	4782	670
4783	600	4783	600
4784	500	4784	500
4785	490	4785	490
4786	470	4786	470
4787	580	4787	580
4788	540	4788	540
4789	530	4789	530
4790	480	4790	480
4791	620	4791	620
4792	590	4792	590
4793	12390	4793	12390
4794	620	4794	620
4795	580	4795	580
4796	490	4796	490
4797	580	4797	580
4798	360	4798	360
4799	480	4799	480
4800	630	4800	630
4801	560	4801	560
4802	550	4802	550
4803	660	4803	660
4804	550	4804	550
4805	460	4805	460
4806	420	4806	420
4807	550	4807	550
4808	580	4808	580
4809	510	4809	510
4810	520	4810	520
4811	490	4811	490
4812	670	4812	670
4813	530	4813	530
4814	520	4814	520
4815	490	4815	490
4816	680	4816	680
4817	550	4817	550
4818	490	4818	490
4819	550	4819	550
4820	570	4820	570
4821	460	4821	460
4822	780	4822	780
4823	470	4823	470
4824	600	4824	600
4825	610	4825	610
4826	590	4826	590
4827	470	4827	470
4828	710	4828	710
4829	480	4829	480
4830	480	4830	480
4831	460	4831	460
4832	600	4832	600
4833	620	4833	620
4834	590	4834	590
4835	600	4835	600
4836	460	4836	460
4837	670	4837	670
4838	520	4838	520
4839	500	4839	500
4840	450	4840	450
4841	600	4841	600
4842	510	4842	510
4843	530	4843	530
4844	420	4844	420
4845	640	4845	640
4846	510	4846	510
4847	480	4847	480
4848	470	4848	470
4849	390	4849	390
4850	490	4850	490
4851	490	4851	490
4852	680	4852	680
4853	440	4853	440
4854	530	4854	530
4855	370	4855	370
4856	350	4856	350
4857	480	4857	480
4858	570	4858	570
4859	550	4859	550
4860	540	4860	540
4861	280	4861	280
4862	550	4862	550
4863	490	4863	490
4864	420	4864	420
4865	430	4865	430
4866	500	4866	500
4867	760	4867	760
4868	470	4868	470
4869	480	4869	480
4870	480	4870	480
4871	490	4871	490
4872	560	4872	560
4873	520	4873	520
4874	570	4874	570
4875	440	4875	440
4876	460	4876	460
4877	410	4877	410
4878	380	4878	380
4879	360	4879	360
4880	560	4880	560
4881	550	4881	550
4882	620	4882	620
4883	410	4883	410
4884	450	4884	450
4885	560	4885	560
4886	470	4886	470
4887	440	4887	440
4888	650	4888	650
4889	470	4889	470
4890	580	4890	580
4891	440	4891	440
4892	460	4892	460
4893	420	4893	420
4894	520	4894	520
4895	520	4895	520
4896	490	4896	490
4897	520	4897	520
4898	600	4898	600
4899	600	4899	600
4900	500	4900	500
4901	530	4901	530
4902	700	4902	700
4903	490	4903	490
4904	410	4904	410
4905	460	4905	460
4906	510	4906	510
4907	470	4907	470
4908	540	4908	540
4909	570	4909	570
4910	530	4910	530
4911	530	4911	530
4912	420	4912	420
4913	430	4913	430
4914	500	4914	500
4915	520	4915	520
4916	570	4916	570
4917	490	4917	490
4918	440	4918	440
4919	500	4919	500
4920	470	4920	470
4921	490	4921	490
4922	410	4922	410
4923	320	4923	320
4924	440	4924	440
4925	370	4925	370
4926	500	4926	500
4927	560	4927	560
4928	410	4928	410
4929	320	4929	320
4930	340	4930	340
4931	610	4931	610
4932	410	4932	410
4933	360	4933	360
4934	390	4934	390
4935	520	4935	520
4936	550	4936	550
4937	540	4937	540
4938	580	4938	580
4939	490	4939	490
4940	590	4940	590
4941	540	4941	540
4942	450	4942	450
4943	630	4943	630
4944	410	4944	410
4945	420	4945	420
4946	510	4946	510
4947	600	4947	600
4948	470	4948	470
4949	620	4949	620
4950	380	4950	380
4951	450	4951	450
4952	400	4952	400
4953	500	4953	500
4954	480	4954	480
4955	500	4955	500
4956	480	4956	480
4957	420	4957	420
4958	480	4958	480
4959	440	4959	440
4960	390	4960	390
4961	610	4961	610
4962	430	4962	430
4963	430	4963	430
4964	360	4964	360
4965	310	4965	310
4966	470	4966	470
4967	590	4967	590
4968	420	4968	420
4969	460	4969	460
4970	310	4970	310
4971	320	4971	320
4972	490	4972	490
4973	550	4973	550
4974	530	4974	530
4975	410	4975	410
4976	560	4976	560
4977	510	4977	510
4978	370	4978	370
4979	510	4979	510
4980	460	4980	460
4981	460	4981	460
4982	490	4982	490
4983	350	4983	350
4984	510	4984	510
4985	420	4985	420
4986	400	4986	400
4987	390	4987	390
4988	330	4988	330
4989	490	4989	490
4990	600	4990	600
4991	500	4991	500
4992	520	4992	520
4993	400	4993	400
4994	400	4994	400
4995	480	4995	480
4996	530	4996	530
4997	330	4997	330
4998	350	4998	350
4999	490	4999	490
5000	450	5000	450
5001	410	5001	410
5002	410	5002	410
5003	540	5003	540
5004	410	5004	410
5005	390	5005	390
5006	410	5006	410
5007	430	5007	430
5008	360	5008	360
5009	480	5009	480
5010	340	5010	340
5011	400	5011	400
5012	530	5012	530
5013	310	5013	310
5014	480	5014	480
5015	380	5015	380
5016	410	5016	410
5017	520	5017	520
5018	420	5018	420
5019	530	5019	530
5020	410	5020	410
5021	400	5021	400
5022	530	5022	530
5023	510	5023	510
5024	370	5024	370
5025	380	5025	380
5026	450	5026	450
5027	540	5027	540
5028	260	5028	260
5029	440	5029	440
5030	410	5030	410
5031	320	5031	320
5032	480	5032	480
5033	530	5033	530
5034	380	5034	380
5035	470	5035	470
5036	470	5036	470
5037	420	5037	420
5038	1240	5038	1240
5039	450	5039	450
5040	380	5040	380
5041	490	5041	490
5042	520	5042	520
5043	460	5043	460
5044	310	5044	310
5045	470	5045	470
5046	450	5046	450
5047	330	5047	330
5048	480	5048	480
5049	440	5049	440
5050	450	5050	450
5051	460	5051	460
5052	550	5052	550
5053	320	5053	320
5054	540	5054	540
5055	550	5055	550
5056	350	5056	350
5057	360	5057	360
5058	430	5058	430
5059	350	5059	350
5060	550	5060	550
5061	410	5061	410
5062	410	5062	410
5063	340	5063	340
5064	410	5064	410
5065	440	5065	440
5066	330	5066	330
5067	440	5067	440
5068	580	5068	580
5069	460	5069	460
5070	380	5070	380
5071	570	5071	570
5072	290	5072	290
5073	370	5073	370
5074	290	5074	290
5075	380	5075	380
5076	510	5076	510
5077	470	5077	470
5078	460	5078	460
5079	350	5079	350
5080	510	5080	510
5081	340	5081	340
5082	450	5082	450
5083	360	5083	360
5084	320	5084	320
5085	310	5085	310
5086	430	5086	430
5087	420	5087	420
5088	500	5088	500
5089	420	5089	420
5090	350	5090	350
5091	270	5091	270
5092	370	5092	370
5093	410	5093	410
5094	380	5094	380
5095	450	5095	450
5096	430	5096	430
5097	840	5097	840
5098	320	5098	320
5099	300	5099	300
5100	410	5100	410
5101	310	5101	310
5102	440	5102	440
5103	380	5103	380
5104	460	5104	460
5105	340	5105	340
5106	450	5106	450
5107	370	5107	370
5108	590	5108	590
5109	360	5109	360
5110	280	5110	280
5111	450	5111	450
5112	380	5112	380
5113	360	5113	360
5114	550	5114	550
5115	480	5115	480
5116	390	5116	390
5117	430	5117	430
5118	400	5118	400
5119	340	5119	340
5120	440	5120	440
5121	410	5121	410
5122	370	5122	370
5123	300	5123	300
5124	400	5124	400
5125	380	5125	380
5126	410	5126	410
5127	370	5127	370
5128	350	5128	350
5129	440	5129	440
5130	460	5130	460
5131	280	5131	280
5132	440	5132	440
5133	420	5133	420
5134	480	5134	480
5135	380	5135	380
5136	520	5136	520
5137	230	5137	230
5138	390	5138	390
5139	450	5139	450
5140	380	5140	380
5141	310	5141	310
5142	400	5142	400
5143	380	5143	380
5144	410	5144	410
5145	440	5145	440
5146	430	5146	430
5147	400	5147	400
5148	400	5148	400
5149	360	5149	360
5150	260	5150	260
5151	350	5151	350
5152	320	5152	320
5153	310	5153	310
5154	370	5154	370
5155	370	5155	370
5156	440	5156	440
5157	440	5157	440
5158	360	5158	360
5159	390	5159	390
5160	400	5160	400
5161	340	5161	340
5162	380	5162	380
5163	370	5163	370
5164	280	5164	280
5165	460	5165	460
5166	470	5166	470
5167	570	5167	570
5168	430	5168	430
5169	410	5169	410
5170	400	5170	400
5171	410	5171	410
5172	320	5172	320
5173	350	5173	350
5174	390	5174	390
5175	360	5175	360
5176	410	5176	410
5177	350	5177	350
5178	460	5178	460
5179	450	5179	450
5180	330	5180	330
5181	310	5181	310
5182	380	5182	380
5183	530	5183	530
5184	340	5184	340
5185	440	5185	440
5186	480	5186	480
5187	290	5187	290
5188	400	5188	400
5189	410	5189	410
5190	410	5190	410
5191	320	5191	320
5192	530	5192	530
5193	470	5193	470
5194	420	5194	420
5195	650	5195	650
5196	390	5196	390
5197	380	5197	380
5198	470	5198	470
5199	380	5199	380
5200	410	5200	410
5201	300	5201	300
5202	300	5202	300
5203	330	5203	330
5204	350	5204	350
5205	460	5205	460
5206	330	5206	330
5207	360	5207	360
5208	260	5208	260
5209	360	5209	360
5210	320	5210	320
5211	270	5211	270
5212	370	5212	370
5213	400	5213	400
5214	320	5214	320
5215	410	5215	410
5216	320	5216	320
5217	380	5217	380
5218	390	5218	390
5219	440	5219	440
5220	410	5220	410
5221	310	5221	310
5222	500	5222	500
5223	380	5223	380
5224	490	5224	490
5225	280	5225	280
5226	450	5226	450
5227	490	5227	490
5228	310	5228	310
5229	540	5229	540
5230	310	5230	310
5231	430	5231	430
5232	370	5232	370
5233	370	5233	370
5234	380	5234	380
5235	500	5235	500
5236	380	5236	380
5237	380	5237	380
5238	330	5238	330
5239	470	5239	470
5240	340	5240	340
5241	410	5241	410
5242	230	5242	230
5243	330	5243	330
5244	420	5244	420
5245	440	5245	440
5246	420	5246	420
5247	410	5247	410
5248	450	5248	450
5249	410	5249	410
5250	540	5250	540
5251	310	5251	310
5252	300	5252	300
5253	480	5253	480
5254	430	5254	430
5255	300	5255	300
5256	450	5256	450
5257	510	5257	510
5258	400	5258	400
5259	350	5259	350
5260	410	5260	410
5261	350	5261	350
5262	330	5262	330
5263	280	5263	280
5264	350	5264	350
5265	450	5265	450
5266	400	5266	400
5267	310	5267	310
5268	340	5268	340
5269	440	5269	440
5270	530	5270	530
5271	470	5271	470
5272	400	5272	400
5273	480	5273	480
5274	470	5274	470
5275	300	5275	300
5276	560	5276	560
5277	560	5277	560
5278	480	5278	480
5279	480	5279	480
5280	400	5280	400
5281	420	5281	420
5282	600	5282	600
5283	570	5283	570
5284	490	5284	490
5285	590	5285	590
5286	570	5286	570
5287	510	5287	510
5288	540	5288	540
5289	750	5289	750
5290	600	5290	600
5291	530	5291	530
5292	650	5292	650
5293	470	5293	470
5294	450	5294	450
5295	730	5295	730
5296	950	5296	950
5297	530	5297	530
5298	540	5298	540
5299	570	5299	570
5300	590	5300	590
5301	700	5301	700
5302	530	5302	530
5303	600	5303	600
5304	680	5304	680
5305	490	5305	490
5306	600	5306	600
5307	480	5307	480
5308	530	5308	530
5309	690	5309	690
5310	550	5310	550
5311	480	5311	480
5312	630	5312	630
5313	460	5313	460
5314	430	5314	430
5315	650	5315	650
5316	590	5316	590
5317	700	5317	700
5318	560	5318	560
5319	580	5319	580
5320	590	5320	590
5321	540	5321	540
5322	620	5322	620
5323	690	5323	690
5324	520	5324	520
5325	740	5325	740
5326	800	5326	800
5327	630	5327	630
5328	530	5328	530
5329	780	5329	780
5330	850	5330	850
5331	920	5331	920
5332	1260	5332	1260
5333	1950	5333	1950
5334	4650	5334	4650
5335	484760	5335	484760
5336	13800	5336	13800
5337	2380	5337	2380
5338	1290	5338	1290
5339	1680	5339	1680
5340	1070	5340	1070
5341	1170	5341	1170
5342	1040	5342	1040
5343	1070	5343	1070
5344	920	5344	920
5345	920	5345	920
5346	860	5346	860
5347	910	5347	910
5348	610	5348	610
5349	600	5349	600
5350	670	5350	670
5351	540	5351	540
5352	570	5352	570
5353	530	5353	530
5354	470	5354	470
5355	480	5355	480
5356	490	5356	490
5357	510	5357	510
5358	500	5358	500
5359	420	5359	420
5360	590	5360	590
5361	380	5361	380
5362	450	5362	450
5363	480	5363	480
5364	610	5364	610
5365	360	5365	360
5366	400	5366	400
5367	490	5367	490
5368	520	5368	520
5369	470	5369	470
5370	1500	5370	1500
5371	560	5371	560
5372	540	5372	540
5373	380	5373	380
5374	510	5374	510
5375	400	5375	400
5376	270	5376	270
5377	480	5377	480
5378	440	5378	440
5379	470	5379	470
5380	540	5380	540
5381	460	5381	460
5382	390	5382	390
5383	360	5383	360
5384	500	5384	500
5385	390	5385	390
5386	520	5386	520
5387	440	5387	440
5388	540	5388	540
5389	440	5389	440
5390	310	5390	310
5391	430	5391	430
5392	370	5392	370
5393	290	5393	290
5394	450	5394	450
5395	400	5395	400
5396	310	5396	310
5397	490	5397	490
5398	380	5398	380
5399	520	5399	520
5400	440	5400	440
5401	360	5401	360
5402	450	5402	450
5403	380	5403	380
5404	350	5404	350
5405	210	5405	210
5406	480	5406	480
5407	350	5407	350
5408	360	5408	360
5409	460	5409	460
5410	450	5410	450
5411	520	5411	520
5412	420	5412	420
5413	310	5413	310
5414	330	5414	330
5415	370	5415	370
5416	280	5416	280
5417	330	5417	330
5418	470	5418	470
5419	450	5419	450
5420	310	5420	310
5421	330	5421	330
5422	300	5422	300
5423	400	5423	400
5424	340	5424	340
5425	370	5425	370
5426	300	5426	300
5427	330	5427	330
5428	300	5428	300
5429	290	5429	290
5430	490	5430	490
5431	340	5431	340
5432	350	5432	350
5433	770	5433	770
5434	360	5434	360
5435	290	5435	290
5436	400	5436	400
5437	370	5437	370
5438	420	5438	420
5439	370	5439	370
5440	380	5440	380
5441	310	5441	310
5442	420	5442	420
5443	350	5443	350
5444	340	5444	340
5445	430	5445	430
5446	270	5446	270
5447	340	5447	340
5448	350	5448	350
5449	370	5449	370
5450	370	5450	370
5451	370	5451	370
5452	340	5452	340
5453	300	5453	300
5454	370	5454	370
5455	250	5455	250
5456	370	5456	370
5457	330	5457	330
5458	430	5458	430
5459	240	5459	240
5460	250	5460	250
5461	260	5461	260
5462	390	5462	390
5463	430	5463	430
5464	370	5464	370
5465	270	5465	270
5466	200	5466	200
5467	270	5467	270
5468	240	5468	240
5469	270	5469	270
5470	430	5470	430
5471	390	5471	390
5472	270	5472	270
5473	330	5473	330
5474	330	5474	330
5475	280	5475	280
5476	420	5476	420
5477	320	5477	320
5478	400	5478	400
5479	220	5479	220
5480	290	5480	290
5481	530	5481	530
5482	350	5482	350
5483	330	5483	330
5484	340	5484	340
5485	430	5485	430
5486	330	5486	330
5487	340	5487	340
5488	430	5488	430
5489	460	5489	460
5490	290	5490	290
5491	270	5491	270
5492	460	5492	460
5493	260	5493	260
5494	310	5494	310
5495	280	5495	280
5496	300	5496	300
5497	500	5497	500
5498	210	5498	210
5499	260	5499	260
5500	370	5500	370
5501	270	5501	270
5502	390	5502	390
5503	380	5503	380
5504	330	5504	330
5505	380	5505	380
5506	460	5506	460
5507	320	5507	320
5508	380	5508	380
5509	350	5509	350
5510	210	5510	210
5511	330	5511	330
5512	360	5512	360
5513	300	5513	300
5514	320	5514	320
5515	500	5515	500
5516	470	5516	470
5517	440	5517	440
5518	280	5518	280
5519	240	5519	240
5520	280	5520	280
5521	270	5521	270
5522	390	5522	390
5523	290	5523	290
5524	590	5524	590
5525	380	5525	380
5526	270	5526	270
5527	420	5527	420
5528	370	5528	370
5529	310	5529	310
5530	400	5530	400
5531	390	5531	390
5532	190	5532	190
5533	360	5533	360
5534	230	5534	230
5535	310	5535	310
5536	280	5536	280
5537	280	5537	280
5538	230	5538	230
5539	370	5539	370
5540	360	5540	360
5541	320	5541	320
5542	330	5542	330
5543	250	5543	250
5544	370	5544	370
5545	280	5545	280
5546	240	5546	240
5547	420	5547	420
5548	340	5548	340
5549	380	5549	380
5550	270	5550	270
5551	350	5551	350
5552	310	5552	310
5553	290	5553	290
5554	380	5554	380
5555	380	5555	380
5556	300	5556	300
5557	260	5557	260
5558	260	5558	260
5559	270	5559	270
5560	370	5560	370
5561	300	5561	300
5562	210	5562	210
5563	490	5563	490
5564	310	5564	310
5565	340	5565	340
5566	290	5566	290
5567	350	5567	350
5568	290	5568	290
5569	310	5569	310
5570	320	5570	320
5571	380	5571	380
5572	330	5572	330
5573	300	5573	300
5574	380	5574	380
5575	300	5575	300
5576	270	5576	270
5577	250	5577	250
5578	230	5578	230
5579	360	5579	360
5580	350	5580	350
5581	280	5581	280
5582	280	5582	280
5583	340	5583	340
5584	200	5584	200
5585	340	5585	340
5586	310	5586	310
5587	370	5587	370
5588	320	5588	320
5589	370	5589	370
5590	290	5590	290
5591	400	5591	400
5592	270	5592	270
5593	270	5593	270
5594	250	5594	250
5595	310	5595	310
5596	300	5596	300
5597	250	5597	250
5598	240	5598	240
5599	320	5599	320
5600	360	5600	360
5601	210	5601	210
5602	220	5602	220
5603	320	5603	320
5604	440	5604	440
5605	270	5605	270
5606	330	5606	330
5607	350	5607	350
5608	280	5608	280
5609	400	5609	400
5610	330	5610	330
5611	370	5611	370
5612	320	5612	320
5613	660	5613	660
5614	230	5614	230
5615	350	5615	350
5616	210	5616	210
5617	280	5617	280
5618	370	5618	370
5619	460	5619	460
5620	340	5620	340
5621	310	5621	310
5622	270	5622	270
5623	210	5623	210
5624	240	5624	240
5625	210	5625	210
5626	360	5626	360
5627	220	5627	220
5628	340	5628	340
5629	410	5629	410
5630	230	5630	230
5631	340	5631	340
5632	320	5632	320
5633	350	5633	350
5634	370	5634	370
5635	310	5635	310
5636	330	5636	330
5637	360	5637	360
5638	370	5638	370
5639	280	5639	280
5640	290	5640	290
5641	580	5641	580
5642	7480	5642	7480
5643	6420	5643	6420
5644	540	5644	540
5645	640	5645	640
5646	400	5646	400
5647	490	5647	490
5648	400	5648	400
5649	440	5649	440
5650	400	5650	400
5651	400	5651	400
5652	300	5652	300
5653	240	5653	240
5654	340	5654	340
5655	320	5655	320
5656	320	5656	320
5657	480	5657	480
5658	410	5658	410
5659	410	5659	410
5660	250	5660	250
5661	480	5661	480
5662	490	5662	490
5663	4640	5663	4640
5664	93060	5664	93060
5665	630	5665	630
5666	530	5666	530
5667	540	5667	540
5668	390	5668	390
5669	310	5669	310
5670	510	5670	510
5671	410	5671	410
5672	270	5672	270
5673	280	5673	280
5674	330	5674	330
5675	530	5675	530
5676	410	5676	410
5677	420	5677	420
5678	350	5678	350
5679	340	5679	340
5680	290	5680	290
5681	310	5681	310
5682	380	5682	380
5683	320	5683	320
5684	320	5684	320
5685	330	5685	330
5686	240	5686	240
5687	300	5687	300
5688	340	5688	340
5689	310	5689	310
5690	410	5690	410
5691	400	5691	400
5692	420	5692	420
5693	370	5693	370
5694	370	5694	370
5695	480	5695	480
5696	340	5696	340
5697	450	5697	450
5698	380	5698	380
5699	330	5699	330
5700	270	5700	270
5701	210	5701	210
5702	370	5702	370
5703	280	5703	280
5704	330	5704	330
5705	370	5705	370
5706	330	5706	330
5707	510	5707	510
5708	300	5708	300
5709	320	5709	320
5710	360	5710	360
5711	310	5711	310
5712	290	5712	290
5713	230	5713	230
5714	270	5714	270
5715	300	5715	300
5716	350	5716	350
5717	340	5717	340
5718	460	5718	460
5719	340	5719	340
5720	400	5720	400
5721	300	5721	300
5722	300	5722	300
5723	290	5723	290
5724	320	5724	320
5725	190	5725	190
5726	290	5726	290
5727	250	5727	250
5728	210	5728	210
5729	330	5729	330
5730	400	5730	400
5731	360	5731	360
5732	480	5732	480
5733	820	5733	820
5734	280	5734	280
5735	280	5735	280
5736	310	5736	310
5737	300	5737	300
5738	340	5738	340
5739	340	5739	340
5740	370	5740	370
5741	360	5741	360
5742	350	5742	350
5743	460	5743	460
5744	350	5744	350
5745	280	5745	280
5746	400	5746	400
5747	390	5747	390
5748	330	5748	330
5749	390	5749	390
5750	350	5750	350
5751	350	5751	350
5752	270	5752	270
5753	360	5753	360
5754	170	5754	170
5755	660	5755	660
5756	370	5756	370
5757	150	5757	150
5758	350	5758	350
5759	410	5759	410
5760	380	5760	380
5761	1890	5761	1890
5762	280	5762	280
5763	260	5763	260
5764	350	5764	350
5765	290	5765	290
5766	300	5766	300
5767	380	5767	380
5768	220	5768	220
5769	380	5769	380
5770	340	5770	340
5771	330	5771	330
5772	280	5772	280
5773	330	5773	330
5774	390	5774	390
5775	290	5775	290
5776	260	5776	260
5777	310	5777	310
5778	300	5778	300
5779	230	5779	230
5780	280	5780	280
5781	250	5781	250
5782	300	5782	300
5783	300	5783	300
5784	530	5784	530
5785	270	5785	270
5786	400	5786	400
5787	300	5787	300
5788	240	5788	240
5789	340	5789	340
5790	340	5790	340
5791	300	5791	300
5792	320	5792	320
5793	360	5793	360
5794	380	5794	380
5795	260	5795	260
5796	290	5796	290
5797	250	5797	250
5798	340	5798	340
5799	290	5799	290
5800	460	5800	460
5801	620	5801	620
5802	290	5802	290
5803	380	5803	380
5804	380	5804	380
5805	360	5805	360
5806	330	5806	330
5807	740	5807	740
5808	380	5808	380
5809	440	5809	440
5810	320	5810	320
5811	360	5811	360
5812	260	5812	260
5813	360	5813	360
5814	280	5814	280
5815	510	5815	510
5816	330	5816	330
5817	360	5817	360
5818	290	5818	290
5819	330	5819	330
5820	390	5820	390
5821	370	5821	370
5822	340	5822	340
5823	400	5823	400
5824	250	5824	250
5825	320	5825	320
5826	270	5826	270
5827	260	5827	260
5828	310	5828	310
5829	210	5829	210
5830	200	5830	200
5831	310	5831	310
5832	360	5832	360
5833	330	5833	330
5834	310	5834	310
5835	350	5835	350
5836	320	5836	320
5837	260	5837	260
5838	270	5838	270
5839	300	5839	300
5840	370	5840	370
5841	290	5841	290
5842	340	5842	340
5843	200	5843	200
5844	280	5844	280
5845	260	5845	260
5846	350	5846	350
5847	370	5847	370
5848	290	5848	290
5849	280	5849	280
5850	310	5850	310
5851	260	5851	260
5852	290	5852	290
5853	240	5853	240
5854	290	5854	290
5855	410	5855	410
5856	330	5856	330
5857	240	5857	240
5858	350	5858	350
5859	480	5859	480
5860	460	5860	460
5861	330	5861	330
5862	380	5862	380
5863	190	5863	190
5864	370	5864	370
5865	250	5865	250
5866	280	5866	280
5867	310	5867	310
5868	180	5868	180
5869	410	5869	410
5870	320	5870	320
5871	410	5871	410
5872	420	5872	420
5873	310	5873	310
5874	430	5874	430
5875	260	5875	260
5876	280	5876	280
5877	340	5877	340
5878	340	5878	340
5879	330	5879	330
5880	270	5880	270
5881	300	5881	300
5882	340	5882	340
5883	200	5883	200
5884	230	5884	230
5885	290	5885	290
5886	350	5886	350
5887	340	5887	340
5888	320	5888	320
5889	280	5889	280
5890	210	5890	210
5891	270	5891	270
5892	370	5892	370
5893	290	5893	290
5894	310	5894	310
5895	320	5895	320
5896	260	5896	260
5897	430	5897	430
5898	360	5898	360
5899	260	5899	260
5900	310	5900	310
5901	390	5901	390
5902	350	5902	350
5903	400	5903	400
5904	1640	5904	1640
5905	260	5905	260
5906	250	5906	250
5907	330	5907	330
5908	280	5908	280
5909	210	5909	210
5910	270	5910	270
5911	180	5911	180
5912	290	5912	290
5913	320	5913	320
5914	260	5914	260
5915	1410	5915	1410
5916	270	5916	270
5917	320	5917	320
5918	340	5918	340
5919	320	5919	320
5920	310	5920	310
5921	280	5921	280
5922	320	5922	320
5923	220	5923	220
5924	430	5924	430
5925	380	5925	380
5926	400	5926	400
5927	430	5927	430
5928	300	5928	300
5929	280	5929	280
5930	220	5930	220
5931	1310	5931	1310
5932	280	5932	280
5933	330	5933	330
5934	390	5934	390
5935	230	5935	230
5936	330	5936	330
5937	500	5937	500
5938	240	5938	240
5939	290	5939	290
5940	230	5940	230
5941	500	5941	500
5942	260	5942	260
5943	330	5943	330
5944	380	5944	380
5945	280	5945	280
5946	230	5946	230
5947	240	5947	240
5948	400	5948	400
5949	300	5949	300
5950	410	5950	410
5951	280	5951	280
5952	250	5952	250
5953	260	5953	260
5954	340	5954	340
5955	310	5955	310
5956	300	5956	300
5957	490	5957	490
5958	220	5958	220
5959	270	5959	270
5960	300	5960	300
5961	220	5961	220
5962	360	5962	360
5963	290	5963	290
5964	390	5964	390
5965	370	5965	370
5966	370	5966	370
5967	400	5967	400
5968	350	5968	350
5969	300	5969	300
5970	650	5970	650
5971	260	5971	260
5972	300	5972	300
5973	350	5973	350
5974	480	5974	480
5975	420	5975	420
5976	520	5976	520
5977	910	5977	910
5978	350	5978	350
5979	430	5979	430
5980	660	5980	660
5981	520	5981	520
5982	760	5982	760
5983	710	5983	710
