Monochromator Step - Photons	Photons (cps) - Photons	Monochromator Step - Plot 1	Photons (cps) - Plot 1
4200	290	4200	290
4201	310	4201	310
4202	250	4202	250
4203	350	4203	350
4204	380	4204	380
4205	220	4205	220
4206	400	4206	400
4207	270	4207	270
4208	300	4208	300
4209	330	4209	330
4210	330	4210	330
4211	230	4211	230
4212	330	4212	330
4213	1080	4213	1080
4214	380	4214	380
4215	270	4215	270
4216	250	4216	250
4217	320	4217	320
4218	610	4218	610
4219	350	4219	350
4220	420	4220	420
4221	280	4221	280
4222	280	4222	280
4223	260	4223	260
4224	620	4224	620
4225	340	4225	340
4226	440	4226	440
4227	1040	4227	1040
4228	360	4228	360
4229	480	4229	480
4230	410	4230	410
4231	640	4231	640
4232	580	4232	580
4233	570	4233	570
4234	510	4234	510
4235	760	4235	760
4236	2020	4236	2020
4237	249550	4237	249550
4238	3550	4238	3550
4239	750	4239	750
4240	600	4240	600
4241	520	4241	520
4242	350	4242	350
4243	560	4243	560
4244	340	4244	340
4245	370	4245	370
4246	280	4246	280
4247	320	4247	320
4248	360	4248	360
4249	330	4249	330
4250	430	4250	430
4251	440	4251	440
4252	360	4252	360
4253	430	4253	430
4254	380	4254	380
4255	340	4255	340
4256	500	4256	500
4257	300	4257	300
4258	270	4258	270
4259	240	4259	240
4260	420	4260	420
4261	360	4261	360
4262	330	4262	330
4263	410	4263	410
4264	250	4264	250
4265	360	4265	360
4266	360	4266	360
4267	440	4267	440
4268	320	4268	320
4269	290	4269	290
4270	430	4270	430
4271	230	4271	230
4272	250	4272	250
4273	320	4273	320
4274	360	4274	360
4275	340	4275	340
4276	280	4276	280
4277	310	4277	310
4278	310	4278	310
4279	310	4279	310
4280	400	4280	400
4281	290	4281	290
4282	260	4282	260
4283	380	4283	380
4284	320	4284	320
4285	360	4285	360
4286	360	4286	360
4287	380	4287	380
4288	300	4288	300
4289	280	4289	280
4290	310	4290	310
4291	340	4291	340
4292	150	4292	150
4293	340	4293	340
4294	350	4294	350
4295	330	4295	330
4296	220	4296	220
4297	330	4297	330
4298	320	4298	320
4299	490	4299	490
4300	360	4300	360
4301	220	4301	220
4302	340	4302	340
4303	350	4303	350
4304	280	4304	280
4305	380	4305	380
4306	460	4306	460
4307	420	4307	420
4308	430	4308	430
4309	420	4309	420
4310	290	4310	290
4311	280	4311	280
4312	370	4312	370
4313	380	4313	380
4314	320	4314	320
4315	380	4315	380
4316	350	4316	350
4317	360	4317	360
4318	430	4318	430
4319	360	4319	360
4320	360	4320	360
4321	460	4321	460
4322	330	4322	330
4323	410	4323	410
4324	320	4324	320
4325	280	4325	280
4326	350	4326	350
4327	280	4327	280
4328	290	4328	290
4329	330	4329	330
4330	520	4330	520
4331	290	4331	290
4332	420	4332	420
4333	410	4333	410
4334	380	4334	380
4335	440	4335	440
4336	350	4336	350
4337	300	4337	300
4338	260	4338	260
4339	300	4339	300
4340	290	4340	290
4341	330	4341	330
4342	330	4342	330
4343	310	4343	310
4344	260	4344	260
4345	360	4345	360
4346	360	4346	360
4347	300	4347	300
4348	240	4348	240
4349	260	4349	260
4350	410	4350	410
4351	330	4351	330
4352	330	4352	330
4353	310	4353	310
4354	390	4354	390
4355	370	4355	370
4356	220	4356	220
4357	310	4357	310
4358	260	4358	260
4359	270	4359	270
4360	310	4360	310
4361	250	4361	250
4362	350	4362	350
4363	340	4363	340
4364	300	4364	300
4365	370	4365	370
4366	310	4366	310
4367	300	4367	300
4368	420	4368	420
4369	420	4369	420
4370	380	4370	380
4371	300	4371	300
4372	260	4372	260
4373	290	4373	290
4374	310	4374	310
4375	240	4375	240
4376	380	4376	380
4377	350	4377	350
4378	220	4378	220
4379	310	4379	310
4380	380	4380	380
4381	320	4381	320
4382	270	4382	270
4383	410	4383	410
4384	220	4384	220
4385	290	4385	290
4386	310	4386	310
4387	380	4387	380
4388	310	4388	310
4389	650	4389	650
4390	280	4390	280
4391	330	4391	330
4392	380	4392	380
4393	320	4393	320
4394	290	4394	290
4395	340	4395	340
4396	380	4396	380
4397	300	4397	300
4398	340	4398	340
4399	410	4399	410
4400	240	4400	240
4401	660	4401	660
4402	330	4402	330
4403	330	4403	330
4404	250	4404	250
4405	340	4405	340
4406	430	4406	430
4407	400	4407	400
4408	420	4408	420
4409	360	4409	360
4410	360	4410	360
4411	220	4411	220
4412	460	4412	460
4413	310	4413	310
4414	340	4414	340
4415	400	4415	400
4416	370	4416	370
4417	240	4417	240
4418	450	4418	450
4419	420	4419	420
4420	430	4420	430
4421	330	4421	330
4422	470	4422	470
4423	230	4423	230
4424	230	4424	230
4425	330	4425	330
4426	320	4426	320
4427	330	4427	330
4428	320	4428	320
4429	460	4429	460
4430	340	4430	340
4431	320	4431	320
4432	370	4432	370
4433	210	4433	210
4434	380	4434	380
4435	320	4435	320
4436	350	4436	350
4437	310	4437	310
4438	320	4438	320
4439	290	4439	290
4440	320	4440	320
4441	230	4441	230
4442	260	4442	260
4443	280	4443	280
4444	380	4444	380
4445	270	4445	270
4446	410	4446	410
4447	290	4447	290
4448	460	4448	460
4449	430	4449	430
4450	440	4450	440
4451	250	4451	250
4452	180	4452	180
4453	190	4453	190
4454	340	4454	340
4455	260	4455	260
4456	280	4456	280
4457	410	4457	410
4458	300	4458	300
4459	310	4459	310
4460	250	4460	250
4461	320	4461	320
4462	380	4462	380
4463	320	4463	320
4464	300	4464	300
4465	340	4465	340
4466	440	4466	440
4467	240	4467	240
4468	320	4468	320
4469	290	4469	290
4470	380	4470	380
4471	300	4471	300
4472	230	4472	230
4473	310	4473	310
4474	260	4474	260
4475	340	4475	340
4476	320	4476	320
4477	470	4477	470
4478	260	4478	260
4479	290	4479	290
4480	260	4480	260
4481	320	4481	320
4482	220	4482	220
4483	270	4483	270
4484	450	4484	450
4485	300	4485	300
4486	390	4486	390
4487	360	4487	360
4488	330	4488	330
4489	280	4489	280
4490	250	4490	250
4491	330	4491	330
4492	300	4492	300
4493	260	4493	260
4494	320	4494	320
4495	190	4495	190
4496	300	4496	300
4497	300	4497	300
4498	330	4498	330
4499	360	4499	360
4500	290	4500	290
4501	330	4501	330
4502	260	4502	260
4503	340	4503	340
4504	450	4504	450
4505	300	4505	300
4506	340	4506	340
4507	310	4507	310
4508	360	4508	360
4509	380	4509	380
4510	290	4510	290
4511	370	4511	370
4512	380	4512	380
4513	350	4513	350
4514	410	4514	410
4515	280	4515	280
4516	240	4516	240
4517	330	4517	330
4518	320	4518	320
4519	260	4519	260
4520	340	4520	340
4521	240	4521	240
4522	400	4522	400
4523	420	4523	420
4524	340	4524	340
4525	220	4525	220
4526	480	4526	480
4527	400	4527	400
4528	270	4528	270
4529	340	4529	340
4530	300	4530	300
4531	300	4531	300
4532	370	4532	370
4533	330	4533	330
4534	420	4534	420
4535	260	4535	260
4536	290	4536	290
4537	410	4537	410
4538	400	4538	400
4539	390	4539	390
4540	260	4540	260
4541	230	4541	230
4542	320	4542	320
4543	270	4543	270
4544	210	4544	210
4545	350	4545	350
4546	250	4546	250
4547	310	4547	310
4548	310	4548	310
4549	340	4549	340
4550	280	4550	280
4551	290	4551	290
4552	370	4552	370
4553	360	4553	360
4554	300	4554	300
4555	410	4555	410
4556	270	4556	270
4557	380	4557	380
4558	350	4558	350
4559	240	4559	240
4560	260	4560	260
4561	340	4561	340
4562	330	4562	330
4563	230	4563	230
4564	430	4564	430
4565	250	4565	250
4566	180	4566	180
4567	420	4567	420
4568	410	4568	410
4569	220	4569	220
4570	450	4570	450
4571	260	4571	260
4572	190	4572	190
4573	330	4573	330
4574	320	4574	320
4575	310	4575	310
4576	360	4576	360
4577	280	4577	280
4578	310	4578	310
4579	330	4579	330
4580	590	4580	590
4581	320	4581	320
4582	290	4582	290
4583	280	4583	280
4584	330	4584	330
4585	220	4585	220
4586	190	4586	190
4587	320	4587	320
4588	330	4588	330
4589	250	4589	250
4590	370	4590	370
4591	330	4591	330
4592	360	4592	360
4593	280	4593	280
4594	460	4594	460
4595	350	4595	350
4596	340	4596	340
4597	290	4597	290
4598	290	4598	290
4599	460	4599	460
4600	320	4600	320
4601	340	4601	340
4602	360	4602	360
4603	330	4603	330
4604	380	4604	380
4605	440	4605	440
4606	270	4606	270
4607	270	4607	270
4608	230	4608	230
4609	300	4609	300
4610	330	4610	330
4611	370	4611	370
4612	400	4612	400
4613	210	4613	210
4614	250	4614	250
4615	350	4615	350
4616	250	4616	250
4617	300	4617	300
4618	210	4618	210
4619	310	4619	310
4620	270	4620	270
4621	360	4621	360
4622	440	4622	440
4623	270	4623	270
4624	440	4624	440
4625	330	4625	330
4626	310	4626	310
4627	370	4627	370
4628	320	4628	320
4629	450	4629	450
4630	330	4630	330
4631	390	4631	390
4632	300	4632	300
4633	350	4633	350
4634	280	4634	280
4635	250	4635	250
4636	220	4636	220
4637	290	4637	290
4638	260	4638	260
4639	210	4639	210
4640	240	4640	240
4641	420	4641	420
4642	340	4642	340
4643	300	4643	300
4644	300	4644	300
4645	320	4645	320
4646	200	4646	200
4647	310	4647	310
4648	330	4648	330
4649	250	4649	250
4650	290	4650	290
4651	230	4651	230
4652	310	4652	310
4653	280	4653	280
4654	330	4654	330
4655	310	4655	310
4656	270	4656	270
4657	390	4657	390
4658	350	4658	350
4659	220	4659	220
4660	350	4660	350
4661	250	4661	250
4662	310	4662	310
4663	300	4663	300
4664	260	4664	260
4665	410	4665	410
4666	350	4666	350
4667	270	4667	270
4668	440	4668	440
4669	280	4669	280
4670	340	4670	340
4671	290	4671	290
4672	400	4672	400
4673	300	4673	300
4674	430	4674	430
4675	260	4675	260
4676	240	4676	240
4677	300	4677	300
4678	270	4678	270
4679	190	4679	190
4680	350	4680	350
4681	300	4681	300
4682	300	4682	300
4683	350	4683	350
4684	260	4684	260
4685	360	4685	360
4686	370	4686	370
4687	310	4687	310
4688	350	4688	350
4689	310	4689	310
4690	300	4690	300
4691	320	4691	320
4692	350	4692	350
4693	300	4693	300
4694	240	4694	240
4695	300	4695	300
4696	280	4696	280
4697	370	4697	370
4698	280	4698	280
4699	340	4699	340
4700	340	4700	340
4701	340	4701	340
4702	360	4702	360
4703	350	4703	350
4704	300	4704	300
4705	260	4705	260
4706	220	4706	220
4707	250	4707	250
4708	340	4708	340
4709	350	4709	350
4710	350	4710	350
4711	340	4711	340
4712	310	4712	310
4713	320	4713	320
4714	330	4714	330
4715	340	4715	340
4716	390	4716	390
4717	230	4717	230
4718	320	4718	320
4719	310	4719	310
4720	280	4720	280
4721	320	4721	320
4722	420	4722	420
4723	250	4723	250
4724	430	4724	430
4725	220	4725	220
4726	390	4726	390
4727	240	4727	240
4728	360	4728	360
4729	350	4729	350
4730	280	4730	280
4731	230	4731	230
4732	320	4732	320
4733	460	4733	460
4734	230	4734	230
4735	380	4735	380
4736	310	4736	310
4737	300	4737	300
4738	380	4738	380
4739	370	4739	370
4740	260	4740	260
4741	360	4741	360
4742	330	4742	330
4743	360	4743	360
4744	210	4744	210
4745	280	4745	280
4746	290	4746	290
4747	380	4747	380
4748	370	4748	370
4749	370	4749	370
4750	300	4750	300
4751	390	4751	390
4752	380	4752	380
4753	270	4753	270
4754	270	4754	270
4755	250	4755	250
4756	290	4756	290
4757	200	4757	200
4758	320	4758	320
4759	310	4759	310
4760	310	4760	310
4761	310	4761	310
4762	330	4762	330
4763	360	4763	360
4764	310	4764	310
4765	280	4765	280
4766	290	4766	290
4767	320	4767	320
4768	440	4768	440
4769	380	4769	380
4770	370	4770	370
4771	390	4771	390
4772	300	4772	300
4773	330	4773	330
4774	240	4774	240
4775	170	4775	170
4776	310	4776	310
4777	230	4777	230
4778	360	4778	360
4779	270	4779	270
4780	220	4780	220
4781	220	4781	220
4782	290	4782	290
4783	260	4783	260
4784	240	4784	240
4785	270	4785	270
4786	300	4786	300
4787	280	4787	280
4788	320	4788	320
4789	300	4789	300
4790	390	4790	390
4791	180	4791	180
4792	430	4792	430
4793	2940	4793	2940
4794	300	4794	300
4795	400	4795	400
4796	280	4796	280
4797	330	4797	330
4798	440	4798	440
4799	310	4799	310
4800	320	4800	320
4801	290	4801	290
4802	300	4802	300
4803	190	4803	190
4804	320	4804	320
4805	240	4805	240
4806	350	4806	350
4807	330	4807	330
4808	300	4808	300
4809	240	4809	240
4810	260	4810	260
4811	230	4811	230
4812	380	4812	380
4813	170	4813	170
4814	370	4814	370
4815	280	4815	280
4816	250	4816	250
4817	230	4817	230
4818	280	4818	280
4819	390	4819	390
4820	410	4820	410
4821	360	4821	360
4822	180	4822	180
4823	280	4823	280
4824	350	4824	350
4825	360	4825	360
4826	360	4826	360
4827	350	4827	350
4828	220	4828	220
4829	400	4829	400
4830	360	4830	360
4831	280	4831	280
4832	320	4832	320
4833	350	4833	350
4834	350	4834	350
4835	380	4835	380
4836	240	4836	240
4837	300	4837	300
4838	290	4838	290
4839	240	4839	240
4840	400	4840	400
4841	350	4841	350
4842	280	4842	280
4843	390	4843	390
4844	340	4844	340
4845	360	4845	360
4846	290	4846	290
4847	320	4847	320
4848	370	4848	370
4849	370	4849	370
4850	390	4850	390
4851	330	4851	330
4852	350	4852	350
4853	280	4853	280
4854	320	4854	320
4855	210	4855	210
4856	270	4856	270
4857	310	4857	310
4858	390	4858	390
4859	420	4859	420
4860	210	4860	210
4861	290	4861	290
4862	290	4862	290
4863	400	4863	400
4864	340	4864	340
4865	250	4865	250
4866	390	4866	390
4867	220	4867	220
4868	310	4868	310
4869	400	4869	400
4870	410	4870	410
4871	480	4871	480
4872	400	4872	400
4873	200	4873	200
4874	330	4874	330
4875	300	4875	300
4876	290	4876	290
4877	290	4877	290
4878	370	4878	370
4879	320	4879	320
4880	350	4880	350
4881	290	4881	290
4882	320	4882	320
4883	250	4883	250
4884	280	4884	280
4885	330	4885	330
4886	300	4886	300
4887	290	4887	290
4888	360	4888	360
4889	310	4889	310
4890	280	4890	280
4891	280	4891	280
4892	270	4892	270
4893	520	4893	520
4894	350	4894	350
4895	310	4895	310
4896	240	4896	240
4897	310	4897	310
4898	260	4898	260
4899	350	4899	350
4900	440	4900	440
4901	320	4901	320
4902	280	4902	280
4903	330	4903	330
4904	320	4904	320
4905	220	4905	220
4906	290	4906	290
4907	170	4907	170
4908	150	4908	150
4909	320	4909	320
4910	470	4910	470
4911	320	4911	320
4912	330	4912	330
4913	210	4913	210
4914	380	4914	380
4915	390	4915	390
4916	240	4916	240
4917	250	4917	250
4918	370	4918	370
4919	330	4919	330
4920	360	4920	360
4921	400	4921	400
4922	300	4922	300
4923	400	4923	400
4924	290	4924	290
4925	280	4925	280
4926	290	4926	290
4927	400	4927	400
4928	230	4928	230
4929	350	4929	350
4930	350	4930	350
4931	270	4931	270
4932	350	4932	350
4933	320	4933	320
4934	320	4934	320
4935	330	4935	330
4936	300	4936	300
4937	320	4937	320
4938	430	4938	430
4939	290	4939	290
4940	200	4940	200
4941	380	4941	380
4942	310	4942	310
4943	300	4943	300
4944	350	4944	350
4945	320	4945	320
4946	280	4946	280
4947	320	4947	320
4948	290	4948	290
4949	270	4949	270
4950	280	4950	280
4951	240	4951	240
4952	320	4952	320
4953	260	4953	260
4954	220	4954	220
4955	250	4955	250
4956	260	4956	260
4957	370	4957	370
4958	280	4958	280
4959	350	4959	350
4960	350	4960	350
4961	360	4961	360
4962	350	4962	350
4963	260	4963	260
4964	300	4964	300
4965	310	4965	310
4966	400	4966	400
4967	210	4967	210
4968	320	4968	320
4969	300	4969	300
4970	320	4970	320
4971	330	4971	330
4972	230	4972	230
4973	290	4973	290
4974	420	4974	420
4975	330	4975	330
4976	310	4976	310
4977	390	4977	390
4978	340	4978	340
4979	260	4979	260
4980	280	4980	280
4981	360	4981	360
4982	270	4982	270
4983	220	4983	220
4984	250	4984	250
4985	350	4985	350
4986	310	4986	310
4987	310	4987	310
4988	290	4988	290
4989	270	4989	270
4990	280	4990	280
4991	360	4991	360
4992	210	4992	210
4993	290	4993	290
4994	380	4994	380
4995	350	4995	350
4996	400	4996	400
4997	400	4997	400
4998	300	4998	300
4999	320	4999	320
5000	250	5000	250
5001	260	5001	260
5002	380	5002	380
5003	270	5003	270
5004	310	5004	310
5005	400	5005	400
5006	350	5006	350
5007	280	5007	280
5008	310	5008	310
5009	280	5009	280
5010	300	5010	300
5011	330	5011	330
5012	280	5012	280
5013	260	5013	260
5014	340	5014	340
5015	190	5015	190
5016	260	5016	260
5017	410	5017	410
5018	290	5018	290
5019	300	5019	300
5020	350	5020	350
5021	270	5021	270
5022	340	5022	340
5023	270	5023	270
5024	240	5024	240
5025	240	5025	240
5026	410	5026	410
5027	310	5027	310
5028	350	5028	350
5029	360	5029	360
5030	340	5030	340
5031	300	5031	300
5032	320	5032	320
5033	250	5033	250
5034	430	5034	430
5035	390	5035	390
5036	240	5036	240
5037	380	5037	380
5038	410	5038	410
5039	270	5039	270
5040	290	5040	290
5041	340	5041	340
5042	250	5042	250
5043	290	5043	290
5044	260	5044	260
5045	230	5045	230
5046	240	5046	240
5047	330	5047	330
5048	170	5048	170
5049	330	5049	330
5050	310	5050	310
5051	260	5051	260
5052	240	5052	240
5053	210	5053	210
5054	310	5054	310
5055	260	5055	260
5056	270	5056	270
5057	320	5057	320
5058	230	5058	230
5059	330	5059	330
5060	360	5060	360
5061	320	5061	320
5062	310	5062	310
5063	500	5063	500
5064	240	5064	240
5065	300	5065	300
5066	230	5066	230
5067	310	5067	310
5068	350	5068	350
5069	270	5069	270
5070	430	5070	430
5071	410	5071	410
5072	280	5072	280
5073	300	5073	300
5074	350	5074	350
5075	250	5075	250
5076	340	5076	340
5077	260	5077	260
5078	250	5078	250
5079	310	5079	310
5080	290	5080	290
5081	360	5081	360
5082	380	5082	380
5083	400	5083	400
5084	310	5084	310
5085	290	5085	290
5086	280	5086	280
5087	320	5087	320
5088	350	5088	350
5089	260	5089	260
5090	380	5090	380
5091	300	5091	300
5092	330	5092	330
5093	360	5093	360
5094	280	5094	280
5095	340	5095	340
5096	410	5096	410
5097	370	5097	370
5098	310	5098	310
5099	420	5099	420
5100	290	5100	290
5101	330	5101	330
5102	240	5102	240
5103	350	5103	350
5104	240	5104	240
5105	310	5105	310
5106	220	5106	220
5107	350	5107	350
5108	380	5108	380
5109	210	5109	210
5110	200	5110	200
5111	220	5111	220
5112	350	5112	350
5113	270	5113	270
5114	280	5114	280
5115	180	5115	180
5116	340	5116	340
5117	290	5117	290
5118	160	5118	160
5119	270	5119	270
5120	340	5120	340
5121	350	5121	350
5122	370	5122	370
5123	340	5123	340
5124	330	5124	330
5125	380	5125	380
5126	210	5126	210
5127	220	5127	220
5128	250	5128	250
5129	390	5129	390
5130	230	5130	230
5131	340	5131	340
5132	330	5132	330
5133	350	5133	350
5134	250	5134	250
5135	290	5135	290
5136	330	5136	330
5137	390	5137	390
5138	280	5138	280
5139	370	5139	370
5140	280	5140	280
5141	230	5141	230
5142	260	5142	260
5143	290	5143	290
5144	310	5144	310
5145	310	5145	310
5146	210	5146	210
5147	200	5147	200
5148	200	5148	200
5149	280	5149	280
5150	310	5150	310
5151	280	5151	280
5152	280	5152	280
5153	190	5153	190
5154	310	5154	310
5155	300	5155	300
5156	320	5156	320
5157	330	5157	330
5158	300	5158	300
5159	330	5159	330
5160	320	5160	320
5161	290	5161	290
5162	290	5162	290
5163	350	5163	350
5164	410	5164	410
5165	290	5165	290
5166	270	5166	270
5167	270	5167	270
5168	260	5168	260
5169	350	5169	350
5170	410	5170	410
5171	320	5171	320
5172	350	5172	350
5173	310	5173	310
5174	320	5174	320
5175	380	5175	380
5176	330	5176	330
5177	230	5177	230
5178	310	5178	310
5179	380	5179	380
5180	160	5180	160
5181	230	5181	230
5182	200	5182	200
5183	260	5183	260
5184	330	5184	330
5185	240	5185	240
5186	280	5186	280
5187	370	5187	370
5188	250	5188	250
5189	180	5189	180
5190	410	5190	410
5191	320	5191	320
5192	190	5192	190
5193	280	5193	280
5194	310	5194	310
5195	380	5195	380
5196	490	5196	490
5197	300	5197	300
5198	410	5198	410
5199	180	5199	180
5200	290	5200	290
5201	290	5201	290
5202	320	5202	320
5203	170	5203	170
5204	390	5204	390
5205	300	5205	300
5206	320	5206	320
5207	360	5207	360
5208	350	5208	350
5209	260	5209	260
5210	310	5210	310
5211	260	5211	260
5212	300	5212	300
5213	290	5213	290
5214	230	5214	230
5215	240	5215	240
5216	370	5216	370
5217	400	5217	400
5218	210	5218	210
5219	280	5219	280
5220	330	5220	330
5221	370	5221	370
5222	360	5222	360
5223	360	5223	360
5224	310	5224	310
5225	250	5225	250
5226	320	5226	320
5227	320	5227	320
5228	310	5228	310
5229	260	5229	260
5230	270	5230	270
5231	260	5231	260
5232	280	5232	280
5233	240	5233	240
5234	360	5234	360
5235	330	5235	330
5236	290	5236	290
5237	280	5237	280
5238	210	5238	210
5239	360	5239	360
5240	380	5240	380
5241	340	5241	340
5242	380	5242	380
5243	180	5243	180
5244	320	5244	320
5245	380	5245	380
5246	290	5246	290
5247	170	5247	170
5248	350	5248	350
5249	390	5249	390
5250	360	5250	360
5251	290	5251	290
5252	260	5252	260
5253	300	5253	300
5254	220	5254	220
5255	360	5255	360
5256	300	5256	300
5257	330	5257	330
5258	300	5258	300
5259	260	5259	260
5260	440	5260	440
5261	430	5261	430
5262	340	5262	340
5263	350	5263	350
5264	260	5264	260
5265	310	5265	310
5266	360	5266	360
5267	270	5267	270
5268	320	5268	320
5269	270	5269	270
5270	390	5270	390
5271	300	5271	300
5272	460	5272	460
5273	410	5273	410
5274	230	5274	230
5275	380	5275	380
5276	230	5276	230
5277	260	5277	260
5278	260	5278	260
5279	240	5279	240
5280	320	5280	320
5281	250	5281	250
5282	370	5282	370
5283	310	5283	310
5284	260	5284	260
5285	310	5285	310
5286	300	5286	300
5287	350	5287	350
5288	350	5288	350
5289	300	5289	300
5290	400	5290	400
5291	310	5291	310
5292	290	5292	290
5293	370	5293	370
5294	380	5294	380
5295	360	5295	360
5296	540	5296	540
5297	320	5297	320
5298	400	5298	400
5299	300	5299	300
5300	340	5300	340
5301	320	5301	320
5302	390	5302	390
5303	330	5303	330
5304	290	5304	290
5305	440	5305	440
5306	210	5306	210
5307	340	5307	340
5308	370	5308	370
5309	390	5309	390
5310	250	5310	250
5311	230	5311	230
5312	310	5312	310
5313	310	5313	310
5314	210	5314	210
5315	280	5315	280
5316	280	5316	280
5317	330	5317	330
5318	280	5318	280
5319	410	5319	410
5320	340	5320	340
5321	330	5321	330
5322	270	5322	270
5323	590	5323	590
5324	320	5324	320
5325	450	5325	450
5326	460	5326	460
5327	450	5327	450
5328	350	5328	350
5329	350	5329	350
5330	340	5330	340
5331	580	5331	580
5332	500	5332	500
5333	400	5333	400
5334	1320	5334	1320
5335	79590	5335	79590
5336	2420	5336	2420
5337	460	5337	460
5338	400	5338	400
5339	610	5339	610
5340	400	5340	400
5341	520	5341	520
5342	260	5342	260
5343	420	5343	420
5344	360	5344	360
5345	480	5345	480
5346	280	5346	280
5347	300	5347	300
5348	340	5348	340
5349	320	5349	320
5350	350	5350	350
5351	400	5351	400
5352	360	5352	360
5353	250	5353	250
5354	320	5354	320
5355	330	5355	330
5356	280	5356	280
5357	310	5357	310
5358	340	5358	340
5359	200	5359	200
5360	250	5360	250
5361	340	5361	340
5362	240	5362	240
5363	440	5363	440
5364	260	5364	260
5365	350	5365	350
5366	300	5366	300
5367	220	5367	220
5368	330	5368	330
5369	330	5369	330
5370	550	5370	550
5371	300	5371	300
5372	270	5372	270
5373	330	5373	330
5374	340	5374	340
5375	240	5375	240
5376	370	5376	370
5377	350	5377	350
5378	300	5378	300
5379	340	5379	340
5380	320	5380	320
5381	430	5381	430
5382	220	5382	220
5383	230	5383	230
5384	380	5384	380
5385	310	5385	310
5386	350	5386	350
5387	280	5387	280
5388	420	5388	420
5389	200	5389	200
5390	300	5390	300
5391	380	5391	380
5392	280	5392	280
5393	330	5393	330
5394	320	5394	320
5395	300	5395	300
5396	350	5396	350
5397	260	5397	260
5398	240	5398	240
5399	280	5399	280
5400	290	5400	290
5401	250	5401	250
5402	240	5402	240
5403	240	5403	240
5404	350	5404	350
5405	220	5405	220
5406	360	5406	360
5407	220	5407	220
5408	280	5408	280
5409	280	5409	280
5410	260	5410	260
5411	270	5411	270
5412	240	5412	240
5413	420	5413	420
5414	290	5414	290
5415	320	5415	320
5416	230	5416	230
5417	240	5417	240
5418	280	5418	280
5419	290	5419	290
5420	330	5420	330
5421	260	5421	260
5422	220	5422	220
5423	350	5423	350
5424	290	5424	290
5425	300	5425	300
5426	290	5426	290
5427	300	5427	300
5428	340	5428	340
5429	190	5429	190
5430	260	5430	260
5431	210	5431	210
5432	280	5432	280
5433	330	5433	330
5434	280	5434	280
5435	400	5435	400
5436	280	5436	280
5437	340	5437	340
5438	340	5438	340
5439	230	5439	230
5440	300	5440	300
5441	300	5441	300
5442	270	5442	270
5443	270	5443	270
5444	360	5444	360
5445	260	5445	260
5446	240	5446	240
5447	210	5447	210
5448	370	5448	370
5449	180	5449	180
5450	400	5450	400
5451	330	5451	330
5452	290	5452	290
5453	160	5453	160
5454	310	5454	310
5455	370	5455	370
5456	240	5456	240
5457	310	5457	310
5458	320	5458	320
5459	280	5459	280
5460	360	5460	360
5461	280	5461	280
5462	340	5462	340
5463	340	5463	340
5464	330	5464	330
5465	190	5465	190
5466	280	5466	280
5467	310	5467	310
5468	240	5468	240
5469	260	5469	260
5470	180	5470	180
5471	300	5471	300
5472	200	5472	200
5473	250	5473	250
5474	200	5474	200
5475	210	5475	210
5476	290	5476	290
5477	350	5477	350
5478	340	5478	340
5479	350	5479	350
5480	270	5480	270
5481	290	5481	290
5482	270	5482	270
5483	210	5483	210
5484	270	5484	270
5485	310	5485	310
5486	300	5486	300
5487	250	5487	250
5488	240	5488	240
5489	230	5489	230
5490	320	5490	320
5491	240	5491	240
5492	380	5492	380
5493	310	5493	310
5494	210	5494	210
5495	240	5495	240
5496	360	5496	360
5497	210	5497	210
5498	230	5498	230
5499	280	5499	280
5500	280	5500	280
5501	170	5501	170
5502	280	5502	280
5503	160	5503	160
5504	260	5504	260
5505	260	5505	260
5506	380	5506	380
5507	260	5507	260
5508	270	5508	270
5509	300	5509	300
5510	230	5510	230
5511	330	5511	330
5512	290	5512	290
5513	370	5513	370
5514	260	5514	260
5515	320	5515	320
5516	290	5516	290
5517	300	5517	300
5518	290	5518	290
5519	330	5519	330
5520	260	5520	260
5521	220	5521	220
5522	260	5522	260
5523	260	5523	260
5524	290	5524	290
5525	270	5525	270
5526	280	5526	280
5527	210	5527	210
5528	310	5528	310
5529	170	5529	170
5530	330	5530	330
5531	370	5531	370
5532	280	5532	280
5533	260	5533	260
5534	240	5534	240
5535	250	5535	250
5536	360	5536	360
5537	230	5537	230
5538	310	5538	310
5539	340	5539	340
5540	360	5540	360
5541	290	5541	290
5542	260	5542	260
5543	240	5543	240
5544	310	5544	310
5545	210	5545	210
5546	300	5546	300
5547	390	5547	390
5548	220	5548	220
5549	190	5549	190
5550	190	5550	190
5551	300	5551	300
5552	190	5552	190
5553	330	5553	330
5554	410	5554	410
5555	240	5555	240
5556	280	5556	280
5557	310	5557	310
5558	280	5558	280
5559	330	5559	330
5560	160	5560	160
5561	330	5561	330
5562	270	5562	270
5563	220	5563	220
5564	310	5564	310
5565	270	5565	270
5566	330	5566	330
5567	280	5567	280
5568	170	5568	170
5569	200	5569	200
5570	250	5570	250
5571	260	5571	260
5572	290	5572	290
5573	280	5573	280
5574	300	5574	300
5575	300	5575	300
5576	140	5576	140
5577	330	5577	330
5578	320	5578	320
5579	200	5579	200
5580	340	5580	340
5581	260	5581	260
5582	350	5582	350
5583	260	5583	260
5584	200	5584	200
5585	230	5585	230
5586	260	5586	260
5587	340	5587	340
5588	350	5588	350
5589	320	5589	320
5590	240	5590	240
5591	300	5591	300
5592	250	5592	250
5593	200	5593	200
5594	220	5594	220
5595	200	5595	200
5596	320	5596	320
5597	340	5597	340
5598	260	5598	260
5599	200	5599	200
5600	300	5600	300
5601	270	5601	270
5602	200	5602	200
5603	170	5603	170
5604	320	5604	320
5605	320	5605	320
5606	250	5606	250
5607	380	5607	380
5608	270	5608	270
5609	260	5609	260
5610	290	5610	290
5611	280	5611	280
5612	230	5612	230
5613	460	5613	460
5614	330	5614	330
5615	360	5615	360
5616	190	5616	190
5617	340	5617	340
5618	390	5618	390
5619	320	5619	320
5620	340	5620	340
5621	240	5621	240
5622	310	5622	310
5623	190	5623	190
5624	190	5624	190
5625	380	5625	380
5626	310	5626	310
5627	250	5627	250
5628	280	5628	280
5629	350	5629	350
5630	230	5630	230
5631	310	5631	310
5632	320	5632	320
5633	330	5633	330
5634	230	5634	230
5635	260	5635	260
5636	280	5636	280
5637	280	5637	280
5638	280	5638	280
5639	330	5639	330
5640	340	5640	340
5641	310	5641	310
5642	930	5642	930
5643	820	5643	820
5644	370	5644	370
5645	220	5645	220
5646	180	5646	180
5647	190	5647	190
5648	270	5648	270
5649	320	5649	320
5650	230	5650	230
5651	290	5651	290
5652	300	5652	300
5653	400	5653	400
5654	310	5654	310
5655	260	5655	260
5656	410	5656	410
5657	300	5657	300
5658	400	5658	400
5659	300	5659	300
5660	300	5660	300
5661	280	5661	280
5662	290	5662	290
5663	740	5663	740
5664	7350	5664	7350
5665	300	5665	300
5666	260	5666	260
5667	450	5667	450
5668	290	5668	290
5669	300	5669	300
5670	250	5670	250
5671	260	5671	260
5672	280	5672	280
5673	180	5673	180
5674	220	5674	220
5675	320	5675	320
5676	190	5676	190
5677	280	5677	280
5678	320	5678	320
5679	350	5679	350
5680	250	5680	250
5681	240	5681	240
5682	240	5682	240
5683	310	5683	310
5684	200	5684	200
5685	280	5685	280
5686	370	5686	370
5687	340	5687	340
5688	380	5688	380
5689	350	5689	350
5690	290	5690	290
5691	300	5691	300
5692	270	5692	270
5693	320	5693	320
5694	300	5694	300
5695	290	5695	290
5696	270	5696	270
5697	350	5697	350
5698	330	5698	330
5699	290	5699	290
5700	320	5700	320
5701	270	5701	270
5702	220	5702	220
5703	340	5703	340
5704	380	5704	380
5705	290	5705	290
5706	320	5706	320
5707	250	5707	250
5708	250	5708	250
5709	210	5709	210
5710	250	5710	250
5711	230	5711	230
5712	240	5712	240
5713	240	5713	240
5714	290	5714	290
5715	370	5715	370
5716	280	5716	280
5717	320	5717	320
5718	170	5718	170
5719	200	5719	200
5720	230	5720	230
5721	390	5721	390
5722	280	5722	280
5723	310	5723	310
5724	290	5724	290
5725	330	5725	330
5726	260	5726	260
5727	250	5727	250
5728	310	5728	310
5729	270	5729	270
5730	370	5730	370
5731	260	5731	260
5732	320	5732	320
5733	330	5733	330
5734	410	5734	410
5735	200	5735	200
5736	220	5736	220
5737	300	5737	300
5738	410	5738	410
5739	330	5739	330
5740	230	5740	230
5741	240	5741	240
5742	250	5742	250
5743	290	5743	290
5744	210	5744	210
5745	220	5745	220
5746	280	5746	280
5747	260	5747	260
5748	230	5748	230
5749	280	5749	280
5750	280	5750	280
5751	450	5751	450
5752	210	5752	210
5753	330	5753	330
5754	250	5754	250
5755	350	5755	350
5756	380	5756	380
5757	350	5757	350
5758	200	5758	200
5759	370	5759	370
5760	310	5760	310
5761	410	5761	410
5762	200	5762	200
5763	270	5763	270
5764	330	5764	330
5765	240	5765	240
5766	310	5766	310
5767	280	5767	280
5768	210	5768	210
5769	180	5769	180
5770	220	5770	220
5771	150	5771	150
5772	240	5772	240
5773	230	5773	230
5774	220	5774	220
5775	190	5775	190
5776	280	5776	280
5777	360	5777	360
5778	180	5778	180
5779	240	5779	240
5780	230	5780	230
5781	240	5781	240
5782	300	5782	300
5783	250	5783	250
5784	240	5784	240
5785	310	5785	310
5786	270	5786	270
5787	290	5787	290
5788	370	5788	370
5789	280	5789	280
5790	180	5790	180
5791	280	5791	280
5792	250	5792	250
5793	240	5793	240
5794	320	5794	320
5795	200	5795	200
5796	280	5796	280
5797	340	5797	340
5798	250	5798	250
5799	300	5799	300
5800	350	5800	350
5801	490	5801	490
5802	250	5802	250
5803	340	5803	340
5804	310	5804	310
5805	270	5805	270
5806	220	5806	220
5807	410	5807	410
5808	340	5808	340
5809	360	5809	360
5810	340	5810	340
5811	330	5811	330
5812	380	5812	380
5813	240	5813	240
5814	300	5814	300
5815	350	5815	350
5816	400	5816	400
5817	320	5817	320
5818	390	5818	390
5819	280	5819	280
5820	340	5820	340
5821	320	5821	320
5822	290	5822	290
5823	200	5823	200
5824	280	5824	280
5825	240	5825	240
5826	290	5826	290
5827	260	5827	260
5828	250	5828	250
5829	230	5829	230
5830	280	5830	280
5831	390	5831	390
5832	370	5832	370
5833	230	5833	230
5834	240	5834	240
5835	230	5835	230
5836	260	5836	260
5837	340	5837	340
5838	330	5838	330
5839	410	5839	410
5840	320	5840	320
5841	250	5841	250
5842	220	5842	220
5843	230	5843	230
5844	360	5844	360
5845	420	5845	420
5846	240	5846	240
5847	230	5847	230
5848	250	5848	250
5849	340	5849	340
5850	240	5850	240
5851	150	5851	150
5852	260	5852	260
5853	200	5853	200
5854	280	5854	280
5855	190	5855	190
5856	360	5856	360
5857	280	5857	280
5858	310	5858	310
5859	360	5859	360
5860	290	5860	290
5861	280	5861	280
5862	340	5862	340
5863	280	5863	280
5864	330	5864	330
5865	230	5865	230
5866	310	5866	310
5867	250	5867	250
5868	290	5868	290
5869	320	5869	320
5870	290	5870	290
5871	410	5871	410
5872	220	5872	220
5873	350	5873	350
5874	280	5874	280
5875	340	5875	340
5876	330	5876	330
5877	220	5877	220
5878	280	5878	280
5879	320	5879	320
5880	390	5880	390
5881	230	5881	230
5882	290	5882	290
5883	300	5883	300
5884	200	5884	200
5885	300	5885	300
5886	320	5886	320
5887	180	5887	180
5888	300	5888	300
5889	250	5889	250
5890	230	5890	230
5891	230	5891	230
5892	280	5892	280
5893	220	5893	220
5894	280	5894	280
5895	260	5895	260
5896	260	5896	260
5897	270	5897	270
5898	220	5898	220
5899	380	5899	380
5900	260	5900	260
5901	210	5901	210
5902	150	5902	150
5903	280	5903	280
5904	360	5904	360
5905	280	5905	280
5906	190	5906	190
5907	240	5907	240
5908	230	5908	230
5909	270	5909	270
5910	210	5910	210
5911	260	5911	260
5912	360	5912	360
5913	350	5913	350
5914	300	5914	300
5915	380	5915	380
5916	270	5916	270
5917	260	5917	260
5918	230	5918	230
5919	180	5919	180
5920	280	5920	280
5921	380	5921	380
5922	180	5922	180
5923	200	5923	200
5924	330	5924	330
5925	330	5925	330
5926	210	5926	210
5927	270	5927	270
5928	370	5928	370
5929	320	5929	320
5930	320	5930	320
5931	360	5931	360
5932	250	5932	250
5933	450	5933	450
5934	240	5934	240
5935	280	5935	280
5936	240	5936	240
5937	250	5937	250
5938	300	5938	300
5939	280	5939	280
5940	330	5940	330
5941	250	5941	250
5942	330	5942	330
5943	320	5943	320
5944	360	5944	360
5945	290	5945	290
5946	250	5946	250
5947	340	5947	340
5948	310	5948	310
5949	250	5949	250
5950	250	5950	250
5951	370	5951	370
5952	250	5952	250
5953	320	5953	320
5954	270	5954	270
5955	240	5955	240
5956	330	5956	330
5957	330	5957	330
5958	300	5958	300
5959	340	5959	340
5960	240	5960	240
5961	360	5961	360
5962	280	5962	280
5963	290	5963	290
5964	200	5964	200
5965	460	5965	460
5966	360	5966	360
5967	230	5967	230
5968	310	5968	310
5969	400	5969	400
5970	360	5970	360
5971	290	5971	290
5972	300	5972	300
5973	210	5973	210
5974	310	5974	310
5975	260	5975	260
5976	310	5976	310
5977	300	5977	300
5978	280	5978	280
5979	330	5979	330
5980	300	5980	300
5981	300	5981	300
5982	330	5982	330
5983	360	5983	360
5984	470	5984	470
5985	310	5985	310
5986	390	5986	390
5987	310	5987	310
5988	350	5988	350
5989	270	5989	270
5990	250	5990	250
5991	330	5991	330
5992	330	5992	330
5993	280	5993	280
5994	230	5994	230
5995	360	5995	360
5996	290	5996	290
5997	340	5997	340
5998	370	5998	370
5999	360	5999	360
6000	240	6000	240
